0 0.193875 0.399014 0.013391 0.010417
0 0.265883 0.408215 0.023109 0.017292
0 0.318160 0.403764 0.024461 0.018139
0 0.397039 0.448271 0.035281 0.029125
0 0.426930 0.435326 0.039906 0.036097
0 0.595152 0.462062 0.034023 0.035097
0 0.478855 0.612660 0.062820 0.084208
0 0.379254 0.618333 0.058445 0.093167
0 0.556055 0.465000 0.055703 0.047778
0 0.326355 0.423646 0.034852 0.022292
0 0.608117 0.889674 0.110719 0.182292
0 0.275813 0.707993 0.062688 0.101264
0 0.271941 0.832722 0.080508 0.161889
0 0.686523 0.742688 0.090188 0.116347
0 0.497332 0.481389 0.042758 0.038750
0 0.462691 0.949444 0.114289 0.095083
0 0.762918 0.409319 0.037430 0.050444
0 0.965617 0.707667 0.064375 0.065278
0 0.768801 0.568944 0.067367 0.067306
0 0.814422 0.519597 0.059906 0.057917
0 0.772852 0.652861 0.078312 0.090583
0 0.635223 0.557438 0.058961 0.051931
0 0.307277 0.471076 0.038867 0.035986
0 0.273008 0.492167 0.035625 0.035694
0 0.238922 0.533833 0.034172 0.045000
0 0.238324 0.410264 0.026570 0.018778
