0 0.273594 0.601389 0.043125 0.072500
0 0.528711 0.726479 0.068359 0.103097
0 0.386320 0.626479 0.060344 0.094069
0 0.591023 0.523118 0.037328 0.045514
0 0.785410 0.561993 0.099039 0.095264
0 0.850078 0.562396 0.061766 0.079153
0 0.718422 0.604090 0.064609 0.080347
0 0.184602 0.390472 0.018359 0.014028
0 0.173000 0.396444 0.018281 0.015972
0 0.211617 0.401153 0.025922 0.014139
0 0.249527 0.399111 0.025195 0.020083
0 0.774648 0.425021 0.047141 0.035431
0 0.818402 0.930639 0.153867 0.138722
0 0.430426 0.939444 0.113820 0.121111
0 0.454695 0.521785 0.047953 0.057597
0 0.407535 0.434910 0.030742 0.026319
0 0.374645 0.440736 0.034680 0.028000
0 0.345684 0.490556 0.042367 0.052972
0 0.265742 0.485722 0.040672 0.049972
0 0.306184 0.413299 0.020102 0.019597
0 0.613719 0.476444 0.036594 0.034639
0 0.575605 0.480167 0.052039 0.051056
0 0.257680 0.551931 0.038422 0.055306
0 0.480117 0.439653 0.034141 0.032361
0 0.482656 0.471910 0.042031 0.029542
0 0.454648 0.588375 0.057891 0.072694
