0 0.267227 0.587076 0.047422 0.076542
0 0.850840 0.694007 0.089523 0.083181
0 0.340656 0.542938 0.051359 0.061986
0 0.284801 0.690958 0.060633 0.132806
0 0.409402 0.675194 0.059086 0.113833
0 0.317113 0.423132 0.023289 0.025431
0 0.672148 0.961257 0.115516 0.077486
0 0.595672 0.464660 0.034109 0.033986
0 0.444383 0.461285 0.036703 0.031319
0 0.459152 0.446757 0.025727 0.025097
0 0.487758 0.443687 0.033125 0.025875
0 0.485625 0.422056 0.032875 0.015611
0 0.371910 0.408160 0.030977 0.022375
0 0.312934 0.404514 0.024680 0.015917
0 0.266352 0.398542 0.017500 0.015278
0 0.242266 0.410590 0.028516 0.018431
0 0.211367 0.406014 0.019531 0.016528
0 0.227234 0.386056 0.019766 0.017500
0 0.176008 0.396167 0.018797 0.014111
0 0.236707 0.519944 0.035242 0.052972
0 0.265195 0.485118 0.037859 0.037319
0 0.229488 0.452465 0.037680 0.033319
0 0.421145 0.548458 0.054414 0.063889
0 0.495215 0.556222 0.050727 0.045972
0 0.246949 0.907264 0.098727 0.153556
0 0.877773 0.645674 0.082687 0.071264
0 0.576258 0.483083 0.050875 0.052889
0 0.774734 0.870417 0.118641 0.148306
0 0.456187 0.604014 0.051344 0.077194
0 0.715336 0.513646 0.055375 0.059792
0 0.700340 0.598917 0.066695 0.071306
0 0.521508 0.653722 0.071312 0.110250
0 0.362504 0.434361 0.033117 0.028167
