0 0.269969 0.437438 0.033859 0.023042
0 0.236676 0.442472 0.033367 0.023333
0 0.369410 0.440972 0.023992 0.026000
0 0.339516 0.418646 0.028672 0.015319
0 0.298934 0.405153 0.025492 0.015667
0 0.462273 0.519396 0.052484 0.065931
0 0.543039 0.585361 0.056391 0.076722
0 0.329258 0.539986 0.040703 0.061917
0 0.230254 0.469729 0.032305 0.031931
0 0.291051 0.504167 0.037117 0.045833
0 0.323508 0.444924 0.038234 0.044931
0 0.273934 0.464507 0.034992 0.031097
0 0.266625 0.417208 0.017578 0.012639
0 0.255633 0.401806 0.020734 0.021028
0 0.227363 0.408000 0.018305 0.017278
0 0.174609 0.376528 0.063484 0.065694
0 0.661820 0.474292 0.046672 0.028667
0 0.616543 0.497646 0.051570 0.059653
0 0.285625 0.625569 0.053938 0.103528
0 0.736105 0.518403 0.052773 0.050639
0 0.700043 0.537701 0.057023 0.058625
0 0.476270 0.632667 0.059898 0.081889
0 0.516273 0.436306 0.044984 0.030000
0 0.465289 0.455299 0.035234 0.027319
0 0.842543 0.615944 0.072773 0.069472
0 0.405684 0.448465 0.028492 0.028986
0 0.778332 0.642958 0.087617 0.117111
0 0.262273 0.898542 0.121719 0.191667
0 0.552844 0.472118 0.052297 0.055625
0 0.623305 0.679708 0.078016 0.101861
0 0.438078 0.582187 0.048578 0.062819
0 0.990824 0.642319 0.018023 0.057972
