0 0.491508 0.462472 0.038531 0.040222
0 0.722699 0.548438 0.064523 0.070153
0 0.839027 0.618604 0.091758 0.080875
0 0.499820 0.556868 0.065250 0.073042
0 0.447813 0.457743 0.046500 0.048264
0 0.440617 0.581764 0.052109 0.067083
0 0.342871 0.543014 0.040086 0.067778
0 0.595125 0.532222 0.048922 0.051667
0 0.532348 0.675160 0.070008 0.104208
0 0.625375 0.499931 0.050812 0.044861
0 0.352227 0.471042 0.044141 0.066528
0 0.289715 0.598264 0.081617 0.167917
0 0.248613 0.519861 0.045898 0.079722
0 0.972301 0.715035 0.055398 0.081542
0 0.834996 0.552312 0.080070 0.068403
0 0.254648 0.459396 0.031094 0.027542
0 0.243938 0.434660 0.036547 0.023653
0 0.364309 0.438403 0.037633 0.031833
0 0.385852 0.429583 0.016578 0.016361
0 0.325828 0.421840 0.028437 0.021514
0 0.286863 0.407215 0.023117 0.019792
0 0.201160 0.401625 0.021695 0.017361
0 0.217344 0.401542 0.011031 0.018167
0 0.175629 0.393750 0.020523 0.017667
