0 0.502387 0.554028 0.049195 0.056472
0 0.620637 0.552986 0.052273 0.050694
0 0.267316 0.539097 0.040164 0.060972
0 0.241328 0.466035 0.036406 0.049708
0 0.393641 0.691528 0.064312 0.093444
0 0.743781 0.560910 0.058188 0.052097
0 0.775258 0.542917 0.052703 0.040000
0 0.560852 0.510090 0.048672 0.048569
0 0.659371 0.514181 0.059820 0.047861
0 0.866848 0.720812 0.096039 0.097514
0 0.218141 0.403042 0.027891 0.015556
0 0.222090 0.425215 0.033258 0.029931
0 0.360148 0.421924 0.022687 0.013986
0 0.347945 0.433653 0.033719 0.028444
0 0.438742 0.443750 0.032969 0.026611
0 0.508465 0.445674 0.114727 0.126847
0 0.428227 0.504472 0.043594 0.047806
0 0.367605 0.512181 0.044242 0.055528
0 0.453898 0.960681 0.118547 0.078639
0 0.288559 0.501903 0.039305 0.041806
0 0.205543 0.486597 0.033445 0.057639
0 0.732773 0.621875 0.068359 0.069028
