0 0.979398 0.580125 0.041125 0.071694
0 0.936516 0.692208 0.085641 0.076556
0 0.282738 0.782111 0.078508 0.169556
0 0.663152 0.476292 0.043758 0.030861
0 0.536699 0.439285 0.036820 0.022403
0 0.472855 0.423972 0.045227 0.033111
0 0.443941 0.468410 0.037805 0.029375
0 0.498992 0.482896 0.046453 0.044903
0 0.546602 0.583285 0.068516 0.099097
0 0.868605 0.962799 0.103570 0.074403
0 0.677586 0.965743 0.108797 0.068514
0 0.589996 0.533139 0.049367 0.044333
0 0.608676 0.474090 0.047180 0.051625
0 0.285715 0.628625 0.044242 0.074028
0 0.274438 0.591417 0.039906 0.057444
0 0.329523 0.547847 0.043375 0.057444
0 0.236703 0.522785 0.035562 0.046653
0 0.341887 0.494444 0.040773 0.044722
0 0.345684 0.464569 0.037523 0.025056
0 0.263051 0.450500 0.038820 0.035472
0 0.240609 0.466306 0.033828 0.035472
0 0.204391 0.479222 0.029500 0.045111
0 0.213934 0.439507 0.031664 0.029681
0 0.391680 0.444465 0.031109 0.029653
0 0.381840 0.425813 0.029805 0.022986
0 0.313656 0.421819 0.026797 0.021528
0 0.263934 0.411986 0.022961 0.023139
0 0.233969 0.401868 0.030281 0.025069
0 0.190273 0.399069 0.018359 0.014444
0 0.170117 0.393722 0.015234 0.012083
0 0.811191 0.676153 0.085023 0.082917
0 0.682719 0.721694 0.086203 0.128083
0 0.522504 0.693181 0.066523 0.116250
0 0.676910 0.580743 0.062211 0.066819
0 0.929129 0.608486 0.083602 0.075306
0 0.397578 0.657521 0.069687 0.137236
0 0.447281 0.573403 0.053781 0.065833
