0 0.897281 0.460250 0.070922 0.064389
0 0.508844 0.566375 0.054641 0.063167
0 0.292254 0.506646 0.039008 0.062097
0 0.251699 0.551090 0.041086 0.049458
0 0.322051 0.417250 0.041477 0.034167
0 0.333816 0.486021 0.042555 0.046042
0 0.290383 0.439507 0.039203 0.037431
0 0.260785 0.409743 0.029164 0.023236
0 0.213457 0.404153 0.019367 0.015917
0 0.918094 0.546438 0.068406 0.042153
0 0.261137 0.455493 0.033211 0.032542
0 0.261141 0.487604 0.034828 0.035708
0 0.400398 0.417500 0.032766 0.030111
0 0.372406 0.477056 0.037641 0.037028
0 0.431500 0.509847 0.046422 0.058889
0 0.437184 0.569958 0.022539 0.060917
0 0.386980 0.633264 0.077930 0.189917
0 0.733285 0.798563 0.113430 0.176681
0 0.913605 0.593194 0.082945 0.054722
0 0.328020 0.539806 0.038570 0.059833
0 0.293238 0.778486 0.072430 0.150000
0 0.737738 0.492535 0.051555 0.051847
0 0.748547 0.577972 0.070609 0.064361
0 0.544289 0.733528 0.073797 0.110306
0 0.301063 0.596229 0.042797 0.074347
