0 0.559059 0.775174 0.082117 0.124764
0 0.825617 0.553174 0.072453 0.071042
0 0.765852 0.602361 0.068687 0.075500
0 0.282715 0.652715 0.056102 0.099875
0 0.502848 0.649896 0.069930 0.107847
0 0.245195 0.468882 0.037844 0.045958
0 0.352063 0.438153 0.024984 0.019639
0 0.200113 0.394771 0.024461 0.018597
0 0.621578 0.454486 0.046203 0.024639
0 0.630746 0.475653 0.048586 0.032111
0 0.614926 0.502160 0.049430 0.041819
0 0.971180 0.723437 0.057641 0.084792
0 0.276133 0.407639 0.020609 0.018417
0 0.304473 0.403090 0.026461 0.016736
0 0.323039 0.422326 0.028453 0.021014
0 0.262152 0.546076 0.041023 0.058292
0 0.316090 0.481694 0.041570 0.030361
0 0.384582 0.483111 0.044523 0.044306
0 0.220605 0.932868 0.116867 0.134264
0 0.435152 0.949806 0.123289 0.100389
0 0.455906 0.470861 0.042719 0.034944
0 0.391004 0.432104 0.032320 0.025514
0 0.323000 0.525993 0.046812 0.070597
0 0.555762 0.460847 0.035508 0.038972
0 0.486633 0.458674 0.032641 0.027097
0 0.835090 0.691799 0.090305 0.079708
