0 0.220305 0.396903 0.018031 0.017000
0 0.247895 0.403896 0.028195 0.018931
0 0.282684 0.403264 0.027242 0.019861
0 0.301422 0.421042 0.023359 0.017222
0 0.344422 0.432611 0.025625 0.023639
0 0.361574 0.412826 0.026883 0.023403
0 0.388316 0.424896 0.030523 0.026625
0 0.274133 0.489937 0.036125 0.044069
0 0.320867 0.480861 0.038234 0.028222
0 0.372465 0.511826 0.041305 0.047514
0 0.507539 0.428375 0.103469 0.085972
0 0.256484 0.947278 0.098750 0.105444
0 0.469953 0.973389 0.103547 0.053222
0 0.625879 0.866514 0.116789 0.149833
0 0.650836 0.444236 0.122234 0.089861
0 0.258871 0.550972 0.041852 0.069444
0 0.571680 0.523201 0.046328 0.041958
0 0.332090 0.539292 0.042227 0.057750
0 0.301055 0.650069 0.051656 0.093056
0 0.778430 0.655236 0.084578 0.071583
0 0.800590 0.506889 0.063258 0.047667
0 0.682031 0.497563 0.052500 0.052875
0 0.565293 0.478840 0.051898 0.052153
0 0.955594 0.604542 0.060469 0.071000
0 0.424316 0.566549 0.052336 0.080403
0 0.821996 0.559021 0.068773 0.055764
0 0.709703 0.551840 0.060687 0.062014
