0 0.375406 0.520354 0.043406 0.045792
0 0.426203 0.434785 0.024469 0.028347
0 0.443539 0.502944 0.049437 0.066778
0 0.401004 0.677424 0.060992 0.114903
0 0.657918 0.699174 0.088586 0.113542
0 0.544996 0.502125 0.044727 0.050056
0 0.308668 0.521285 0.039961 0.057486
0 0.920125 0.651618 0.100234 0.102764
0 0.766156 0.642278 0.077375 0.085111
0 0.597602 0.826569 0.094047 0.139778
0 0.496496 0.628722 0.063258 0.102194
0 0.627605 0.511188 0.047242 0.045431
0 0.647605 0.571597 0.057867 0.038472
0 0.467348 0.447521 0.040352 0.032819
0 0.370324 0.589444 0.048570 0.069722
0 0.347984 0.423083 0.033781 0.017833
0 0.869555 0.931986 0.140266 0.136028
0 0.702762 0.507222 0.055258 0.051389
0 0.664398 0.969306 0.109266 0.061389
0 0.531262 0.585743 0.053570 0.065542
0 0.380164 0.481278 0.038922 0.032361
0 0.332000 0.483889 0.040047 0.038083
0 0.257539 0.481299 0.035422 0.040819
0 0.249352 0.448694 0.032766 0.025889
0 0.232270 0.922819 0.117398 0.154361
0 0.543016 0.460535 0.047609 0.036986
0 0.466207 0.423007 0.034023 0.016431
0 0.351125 0.406264 0.025844 0.016944
0 0.295527 0.418917 0.028008 0.018917
0 0.262344 0.416063 0.018484 0.016681
0 0.237613 0.402910 0.016820 0.014625
0 0.219035 0.407208 0.017664 0.012917
0 0.188961 0.394944 0.014641 0.010750
0 0.174020 0.400326 0.015242 0.009458
