0 0.507133 0.464465 0.040359 0.037986
0 0.423809 0.421687 0.037070 0.034153
0 0.668086 0.521965 0.043828 0.044931
0 0.830715 0.612056 0.071617 0.062139
0 0.382117 0.624201 0.050766 0.077236
0 0.239656 0.521167 0.040266 0.063167
0 0.985582 0.636264 0.028383 0.087583
0 0.874926 0.697778 0.079148 0.081972
0 0.273965 0.839493 0.085648 0.135764
0 0.853082 0.942514 0.107055 0.108250
0 0.562008 0.491389 0.042984 0.035889
0 0.598344 0.641424 0.070531 0.086736
0 0.567926 0.445757 0.040539 0.020736
0 0.433355 0.898826 0.102180 0.193153
0 0.334336 0.425639 0.029922 0.029889
0 0.308477 0.528542 0.042422 0.065972
0 0.633090 0.559306 0.050711 0.044444
0 0.343293 0.412361 0.023586 0.017306
0 0.251594 0.405056 0.026250 0.029861
0 0.234523 0.400750 0.022891 0.020972
0 0.189801 0.396181 0.019430 0.020250
0 0.345777 0.494368 0.042430 0.039569
0 0.296352 0.465368 0.042984 0.043819
